0.009907529722589167,0.015247758509232974,0.654993113915512,0.30838415919503076,0.011467438657635122,0.0,0.0,0
0.009275458913049515,0.0160931989224916,0.6674581354661334,0.2959815601655142,0.01119164653281124,0.0,0.0,0
0.007604923544084156,0.013650905541698297,0.6590933738206268,0.3082637457976358,0.011387051295954886,0.0,0.0,0
0.007485683300048934,0.010606922273214215,0.6180846702199415,0.35222388276838024,0.011598841438415046,0.0,0.0,0
0.0066650209824734635,0.009809143941067184,0.5845340331821902,0.38693499980511636,0.012056802089152776,0.0,0.0,0
0.0051459509155451135,0.00927037311336415,0.5728605357918124,0.4004137191306791,0.012309421048599228,0.0,0.0,0
0.0035404944047543784,0.008863880634760068,0.5906556236960233,0.38447240311057723,0.01246759815388506,0.0,0.0,0
0.005121638924455826,0.01308299844068914,0.6354889010027763,0.33475741940391224,0.01154904222816648,0.0,0.0,0
0.007981287030729882,0.022825709769043915,0.6686416389270888,0.28953693112444895,0.011014433148688422,0.0,0.0,0
0.014908761485699496,0.03155170182477029,0.6639704930762262,0.2783227643328588,0.011246279280445193,0.0,0.0,0
0.021598049208458592,0.03198420787799812,0.656637465003161,0.27907156772936637,0.010708710181015909,0.0,0.0,0
0.026189838036527933,0.030235734068486682,0.6605786780002808,0.2727342344067083,0.010261515487996324,0.0,0.0,0
0.03265624820585838,0.022540160066139237,0.5932322107269575,0.34153567040613625,0.010035710594908657,0.0,0.0,0
0.03434144554591451,0.026843563268389842,0.5718766455275991,0.3570365621923579,0.009901783465738685,0.0,0.0,0
0.03435726057498627,0.029138436183849113,0.559982146127083,0.3665194103644021,0.010002746749679546,0.0,0.0,0
0.034578847371754276,0.03219529046001497,0.5534688237664805,0.36931314410731764,0.01044389429443261,0.0,0.0,0
0.0346256869717822,0.0354569805569667,0.5570128850505703,0.36224772548838496,0.010656721932295755,0.0,0.0,0
0.03158443363446838,0.0372133425990271,0.5746467454250637,0.346004169562196,0.010551308779244846,0.0,0.0,0
0.0315817594722048,0.042023834413547984,0.5858596417868841,0.3302901479777917,0.0102446163495714,0.0,0.0,0
0.03180249102019872,0.045062275504968045,0.5841185800251901,0.3283458506320847,0.010670802817558427,0.0,0.0,0
0.03260361118907288,0.04744363364206193,0.5813686967910936,0.3280592197586304,0.010524838619141174,0.0,0.0,0
0.036518002078735005,0.044178958063272954,0.5859463499515352,0.32299804972614415,0.010358640180312744,0.0,0.0,0
0.03683785018805582,0.04597701149425287,0.6000093734987756,0.3070055186474041,0.010170246171511594,0.0,0.0,0
0.033368694012258365,0.05027109853842527,0.6018741159830269,0.30424328147100427,0.010242809995285243,0.0,0.0,0
0.03031863835366282,0.04729239341652424,0.582597803947276,0.32951326294102495,0.010277901341511951,0.0,0.0,0
0.025930048626164392,0.04614212900579999,0.5586853359892202,0.35848614447243543,0.010756341906379988,0.0,0.0,0
0.024100918186200165,0.04700266873581867,0.5572602546467746,0.36098472824745176,0.010651430183754805,0.0,0.0,0
0.024810305276160224,0.04477383683312746,0.5604140932886301,0.35882595141462265,0.011175813187459561,0.0,0.0,0
0.022912757973733582,0.04290572232645403,0.5476313320825515,0.375375234521576,0.011174953095684803,0.0,0.0,0
0.020481094824656987,0.04159490081666608,0.5345472014247719,0.39170679695829963,0.011670005975605469,0.0,0.0,0
0.019383270293518093,0.03985058974630893,0.5219225376176841,0.4069897604487021,0.011853841893786748,0.0,0.0,0
0.01631720939038243,0.03824308973873533,0.4747491480499811,0.45775747822794394,0.012933074592957214,0.0,0.0,0
0.0,0.0032665140432184933,0.4733932659556648,0.5025406220336144,0.020799597967502373,0.0,0.0,0
0.0,0.006289139140484318,0.4987502351708012,0.4752062783884753,0.019754347300239204,0.0,0.0,0
0.00010368603867489243,0.007646845352273317,0.5308465965057805,0.4429208357094717,0.018482036393799577,0.0,0.0,0
0.09110018392702976,0.04774595548215157,0.5113922150069442,0.33634247963665026,0.013419165947224204,0.0,0.0,0
0.0046474531036704144,0.011472920533153366,0.5917143426844793,0.3806770250164885,0.011488258662208383,0.0,0.0,0
0.004352639640869314,0.010403870361102264,0.6008765943248858,0.372886239895658,0.011480655777484569,0.0,0.0,0
0.004888802243450355,0.010812350974011366,0.5904053506890812,0.382721233297842,0.011172262795615074,0.0,0.0,0
0.006055286101109888,0.011574969500401702,0.5886273692980629,0.3825988633320439,0.011143511768381588,0.0,0.0,0
0.005434782608695652,0.013839391779520076,0.6133285816108339,0.35645343311950584,0.010943810881444523,0.0,0.0,0
0.00670630840076899,0.017183052413525877,0.6282171651689245,0.33616488576921355,0.0117285882475671,0.0,0.0,0
0.010388764743314637,0.01805454841430749,0.6296301777337102,0.3307830050463943,0.011143504062273393,0.0,0.0,0
0.013690546441638144,0.020432550454384517,0.6300749439395728,0.32472264841260473,0.011079310751799834,0.0,0.0,0
0.01881720430107527,0.02357320099255583,0.6272893772893773,0.3195379888928276,0.010782228524164009,0.0,0.0,0
0.025680761567412,0.024883772415319902,0.6293410080436869,0.30921703195336137,0.01087742602021991,0.0,0.0,0
0.029997188226066625,0.027658976218312047,0.6274251550175366,0.3037159812351087,0.01120269930297604,0.0,0.0,0
0.035199221399710975,0.029875836847848527,0.6175568466688295,0.30604299997050755,0.011325095113103489,0.0,0.0,0
0.03949917801784875,0.027125410991075623,0.6089860263034288,0.31295502583372475,0.011434358853922029,0.0,0.0,0
0.03880132151537644,0.02613922484681774,0.6087266588074343,0.3150970033037884,0.011235791526583126,0.0,0.0,0
0.03245511908355253,0.024319779224699238,0.6056659911172437,0.32624725108878444,0.011311859485720036,0.0,0.0,0
0.029593815962119914,0.023118831650407897,0.5915197672428547,0.3446003765189115,0.011167208625705973,0.0,0.0,0
0.027499467064591773,0.023548639238257656,0.5765650536488311,0.36118809067007746,0.011198749378242024,0.0,0.0,0
0.027262967566956717,0.022785060458808903,0.5716888914001582,0.366821109729913,0.011441970844163183,0.0,0.0,0
0.026616558286180786,0.020296709174337752,0.5693212848013963,0.3725192129043155,0.01124623483376967,0.0,0.0,0
0.02396459234981862,0.02103729848593078,0.5741557768533692,0.3696093673403644,0.011232964970516969,0.0,0.0,0
0.02154355728340655,0.02237161583697071,0.5711218088167184,0.373440372766698,0.011522645296206368,0.0,0.0,0
0.01788901223985048,0.024030016441590196,0.5672910723570495,0.37925268054130773,0.011537218420202076,0.0,0.0,0
0.015812661353687283,0.024076776293635648,0.5666039959591425,0.38163654731170726,0.011870019081827365,0.0,0.0,0
0.01296582759105611,0.02396287441991281,0.556813387709183,0.3939952186752918,0.01226269160455632,0.0,0.0,0
0.012411422453263458,0.025160954031246918,0.5497231731541355,0.40040573094966403,0.012298719411690123,0.0,0.0,0
0.012860516107269354,0.025622645752515882,0.5414909765559116,0.40734806319221906,0.012677798392084107,0.0,0.0,0
0.01281799292413096,0.024653226259336216,0.5332453529510867,0.41676026281799294,0.012523165047453249,0.0,0.0,0
0.012510566356720203,0.025063398140321217,0.5242603550295858,0.42538743307974075,0.012778247393632008,0.0,0.0,0
0.013990164490418858,0.02844666779718501,0.506189587926064,0.4385421965971398,0.012831383189192245,0.0,0.0,0
0.01621928703309189,0.030890498508734553,0.49331060928845333,0.44607300099417696,0.013506604175543247,0.0,0.0,0
0.01569333676357088,0.029814481319498043,0.48369207900980477,0.45732212789068977,0.013477975016436555,0.0,0.0,0
0.016828331023842517,0.029985285924486793,0.4846216482621677,0.45566491907258466,0.01289981571691833,0.0,0.0,0
0.016199681176487485,0.02820582786402608,0.49153394321494737,0.45149430569717514,0.012566242047363962,0.0,0.0,0
0.014790055803411323,0.02484614612173464,0.4939534349940467,0.4540303260698045,0.012380037011002883,0.0,0.0,0
0.0850057075523806,0.055897190411312,0.5297160952977134,0.3174687925764996,0.011912214162094488,0.0,0.0,0
0.0050858232676414495,0.011697393515575335,0.18008052553507098,0.767535494808222,0.03560076287349015,0.0,0.0,0
0.007422482940260984,0.012290993255916038,0.20635300690370725,0.7397741330460114,0.03415938385410432,0.0,0.0,0
0.007010138318320582,0.015037877360268345,0.2375155466777221,0.7055365017148456,0.03489993592884333,0.0,0.0,0
0.00866415737518642,0.016618137916341168,0.28602371990625663,0.6552091470776223,0.03348483772459342,0.0,0.0,0
0.008774901748204363,0.019921398563490986,0.3316506301666893,0.6076026561864751,0.03205041333514026,0.0,0.0,0
0.011666235780765253,0.024592812823164428,0.3873448810754912,0.545243019648397,0.031153050672182006,0.0,0.0,0
0.011586232466168201,0.027528888339615646,0.43162578013965275,0.5008342087375641,0.02842489031699932,0.0,0.0,0
0.010432629965813981,0.027731934457149592,0.47925262289284454,0.4580337144877991,0.024549098196392786,0.0,0.0,0
0.009913048403999206,0.027671566544877787,0.4852012348826012,0.4535361259806837,0.023678024187838105,0.0,0.0,0
0.009316939890710382,0.03016393442622951,0.47860655737704916,0.45868852459016396,0.023224043715846996,0.0,0.0,0
0.009167303284950344,0.03274413213561286,0.48734227233213034,0.4478016912093991,0.022944601037907325,0.0,0.0,0
0.009583608724388631,0.03302150592302608,0.49138237836188925,0.44397274899588185,0.022039757994814176,0.0,0.0,0
0.0075421798858877976,0.03259299164972941,0.4830913142493327,0.45554276758821655,0.02123074662683351,0.0,0.0,0
0.007919585744745659,0.03006162281215586,0.4748705452330186,0.4664354834930528,0.02071276271702711,0.0,0.0,0
0.008091352509458905,0.029197246660892556,0.4702329397821033,0.472808497059762,0.019669963987783198,0.0,0.0,0
0.008627555083620918,0.03101495442881161,0.47124148305459695,0.4692726307406424,0.01984337669232811,0.0,0.0,0
0.009177861364857603,0.029704459967759268,0.4513057495969909,0.49126276195593765,0.018549167114454593,0.0,0.0,0
0.008774855141940055,0.02797115344532911,0.4376380841218892,0.5071074242361082,0.01850848305473342,0.0,0.0,0
0.009528463229904716,0.02913510872220865,0.43912370714227544,0.5045199120449548,0.017692808860656405,0.0,0.0,0
0.010976291210984274,0.03143210664963678,0.4450387163726351,0.49503073361539074,0.01752215215135308,0.0,0.0,0
0.010770016901851342,0.03767540584096537,0.4428481584843363,0.4919617939546401,0.016744624818206832,0.0,0.0,0
0.009634878646869146,0.03919599930489853,0.45191249444884246,0.4829410515340503,0.016315576065339538,0.0,0.0,0
0.010311040218753561,0.04320003038243895,0.46545896471839276,0.4655918878888003,0.015438076791614446,0.0,0.0,0
0.012772393703433981,0.041547625716579835,0.48374507497245717,0.44664164472578566,0.01529326088174332,0.0,0.0,0
0.0134180533809125,0.03792375195717875,0.500673633616138,0.4334013035720788,0.014583257473691876,0.0,0.0,0
0.014362337176357383,0.03663643329353695,0.5092392950694061,0.425898537037367,0.013863397423332561,0.0,0.0,0
0.014829017731494512,0.037292428933295804,0.5281980016887138,0.4051857585139319,0.01449479313256403,0.0,0.0,0
0.01531732478304813,0.04105530965740773,0.5468406928519151,0.3820095493674415,0.014777123340187503,0.0,0.0,0
0.020100502512562814,0.04181251083001213,0.5624328539247964,0.3619476693813897,0.013706463351238953,0.0,0.0,0
0.025097091568136706,0.04663847415206697,0.5704841632864417,0.343850867351342,0.013929403642012601,0.0,0.0,0
0.029948028335706076,0.04864410558995558,0.5868338450455395,0.3207149105504194,0.013859110478379445,0.0,0.0,0
0.03479635547698375,0.049466240565717,0.5984395185965866,0.3048718297409397,0.012426055619772898,0.0,0.0,0
0.0420885111570108,0.045897809230352485,0.609623133443944,0.289388142078353,0.01300240409033962,0.0,0.0,0
0.049804604895873864,0.05361100302820118,0.6152661941093874,0.26878246011740625,0.012535737849131295,0.0,0.0,0
0.05427101779239396,0.05560333923602327,0.6147398600219243,0.26278775613458133,0.012598026815077157,0.0,0.0,0
0.05409928419936373,0.05206124072110287,0.6065416224814422,0.2749204665959703,0.012377386002120891,0.0,0.0,0
0.05704219582138468,0.05253584596476854,0.5928390004096682,0.2851782056534207,0.012404752150757887,0.0,0.0,0
0.062453788140188295,0.06274954404298319,0.5727148748788222,0.2894464435352689,0.012635349402737386,0.0,0.0,0
0.07157852974724348,0.07095035789264874,0.565949779313309,0.27910667349941315,0.012414659547385649,0.0,0.0,0
0.07718854250546417,0.0735567205140425,0.5575421932260768,0.2787628798212026,0.012949663933213916,0.0,0.0,0
0.07853777416734363,0.07083671811535337,0.5611372867587328,0.2767018683996751,0.012786352558895207,0.0,0.0,0
0.07382389192131,0.06838154082563667,0.5615866054135387,0.2833223952747587,0.012885566564755974,0.0,0.0,0
0.06715827451973289,0.06984840332943001,0.5470930784568155,0.30350982688229894,0.012390416811722631,0.0,0.0,0
0.06554959364900059,0.0694562113652766,0.5370736452351815,0.3148043553296307,0.013116194420910603,0.0,0.0,0
0.07050190420162863,0.061878812273585784,0.5399108276310494,0.31478155865869895,0.01292689723503731,0.0,0.0,0
0.07085004687475986,0.06477938125316982,0.5340034118677671,0.31779550309680793,0.01257165690749535,0.0,0.0,0
0.06956655631688352,0.06614827931326507,0.5360997767341596,0.3152359688967588,0.012949418738932943,0.0,0.0,0
0.06678250707344077,0.06619817935785459,0.5630920162381596,0.2911182187230902,0.012809078607454791,0.0,0.0,0
0.06053124857129795,0.06559075877413555,0.5825142108230847,0.278181624224691,0.013182157606790717,0.0,0.0,0
0.053666616473422676,0.05947899412739045,0.5647492847462732,0.30784520403553683,0.0142599006173769,0.0,0.0,0
0.04830211209791776,0.05360101500111949,0.5382341965818345,0.3458168520038809,0.014045824315247406,0.0,0.0,0
0.046726361136841484,0.04804963756928823,0.5283107641186244,0.3631658653492715,0.013747371825974446,0.0,0.0,0
0.04513580102925954,0.046914408175761375,0.522852186083128,0.37130610995291063,0.013791494758940417,0.0,0.0,0
0.04170049878204385,0.0436144298805243,0.5394385802111124,0.36192147082705023,0.013325020299269226,0.0,0.0,0
0.039269248001850006,0.04331613406755409,0.5403026492650566,0.36398849528104177,0.013123473384497536,0.0,0.0,0
0.0368594115704378,0.04072196774980975,0.5357322343954166,0.3741797452723174,0.012506641012018437,0.0,0.0,0
0.03672493309799009,0.040098502533735696,0.5157575585036724,0.39483573421397256,0.012583271650629163,0.0,0.0,0
0.03301070080326985,0.040291220799863754,0.5004683375436405,0.41371235559592406,0.012517385257301807,0.0,0.0,0
0.03186721522387638,0.036009670441532,0.49416804512872714,0.4254145989735759,0.01254047023228853,0.0,0.0,0
0.02986519281215369,0.03404547813766886,0.48834990952067,0.435942037117567,0.011797382411940466,0.0,0.0,0
0.026760346540889306,0.031099105655782448,0.5025262774846394,0.42815154865708405,0.011462721661604782,0.0,0.0,0
0.024581114884221412,0.031959641694266266,0.5175309884151539,0.4145530261742059,0.01137522883215249,0.0,0.0,0
0.06695221778031601,0.0592613744526937,0.5336379211878927,0.3261755187511898,0.013972967827907861,0.0,0.0,0
0.05332209687613721,0.05751661527264369,0.5378751604068108,0.3372277872478979,0.014058340196510314,0.0,0.0,0
0.04098297213622291,0.05251547987616099,0.5359520123839009,0.3561532507739938,0.014396284829721362,0.0,0.0,0
0.028332297654186732,0.04959608513282585,0.5378670187975765,0.3699316451763244,0.014272953239086532,0.0,0.0,0
0.015785458599847427,0.04962541321909904,0.5451753613833304,0.37513447958844354,0.014279287209279581,0.0,0.0,0
0.010716545397026258,0.04642518190446061,0.5555599493831066,0.3732600442897817,0.014038279025624802,0.0,0.0,0
0.01048432363082351,0.05049715339587844,0.569461149867693,0.3558656082110496,0.013691764894555368,0.0,0.0,0
0.01189036265606101,0.047212939994669835,0.5686668443387524,0.3587609422087374,0.013468910801779454,0.0,0.0,0
0.01205742816300317,0.04646874805775964,0.5646066833785659,0.3632559199486213,0.01361122045204997,0.0,0.0,0
0.012099659105256512,0.04343251546652077,0.5416859559782837,0.3885989646900383,0.014182904759900677,0.0,0.0,0
0.01147551532571159,0.0469530898093134,0.526179189635572,0.4012783938568456,0.014113811372557431,0.0,0.0,0
0.011038205797801137,0.04783954003818385,0.5305799995611051,0.3956856634993087,0.014856591103601132,0.0,0.0,0
0.010866141732283464,0.04911136107986502,0.5347131608548932,0.3901012373453318,0.015208098987626546,0.0,0.0,0
0.010672651902068113,0.04889723564574124,0.5318003801845956,0.3927352678469184,0.015894464420676546,0.0,0.0,0
0.009810364250844911,0.049497746901990235,0.5214983101764927,0.403304543747653,0.01588903492301915,0.0,0.0,0
0.010140763454620083,0.04956901755317865,0.5049858753651882,0.4182340584784026,0.017070285148610476,0.0,0.0,0
0.010477673165789408,0.04974423604418415,0.5081424370474708,0.4143128969283614,0.017322756814194283,0.0,0.0,0
0.0,0.0033034594561526932,0.40843605664821214,0.5636068883247178,0.02465359557091732,0.0,0.0,0
0.0,0.0026491994177583696,0.4441339155749636,0.5301018922852984,0.023114992721979623,0.0,0.0,0
0.08953481909631524,0.056244094925804476,0.5259638007373237,0.315270753441153,0.012986531799403471,0.0,0.0,0
0.0013844565421437958,0.010019710906701708,0.5463675614792566,0.42636568425004695,0.015862586821850946,0.0,0.0,0
0.09374942869156658,0.052980858882246476,0.5567377831404596,0.28441104956214924,0.012120879723578127,0.0,0.0,0
0.08875912943200746,0.05571928026212224,0.541029818235068,0.30288663945378996,0.011605132617012319,0.0,0.0,0
0.08572800472778311,0.05429563418778163,0.5231218142867696,0.324314840806678,0.012539705990987663,0.0,0.0,0
0.0,0.0003187666628028283,0.08719717167033732,0.8328503535412078,0.07963370812565203,0.0,0.0,1
0.003584629110374713,0.005719474891664542,0.12699146061687483,0.8131850624522049,0.05051937292888096,0.0,0.0,1
0.0025776031434184676,0.005202357563850688,0.12921021611001965,0.8135952848722986,0.04941453831041257,0.0,0.0,1
0.0018940570080109296,0.004517791715829348,0.13194746320561387,0.8112618766689437,0.050378811401602185,0.0,0.0,1
0.0,0.00013890818169190166,0.07309348520627865,0.842589248506737,0.08417835810529241,0.0,0.0,1
0.0012478125237769156,0.004428212736818078,0.15037662634101803,0.798158715666134,0.04578863273225291,0.0,0.0,1
0.0008433099917174911,0.0031925306829305024,0.15175062118816354,0.7989006851893683,0.04531285294782019,0.0,0.0,1
0.0007315179744416577,0.0027469246387196943,0.1404663800310522,0.8116415860504,0.044413591305386364,0.0,0.0,1
0.0012764946862197945,0.0038443270201270557,0.13698569138514516,0.8150270141898711,0.04286647271863682,0.0,0.0,1
0.00125108550065498,0.0041506601315847574,0.13903239575514048,0.8106739671185293,0.04489189149409046,0.0,0.0,1
0.0014897687937254443,0.003797449866358976,0.12404516044225686,0.8210816889888559,0.04958593190880278,0.0,0.0,1
0.0022231586289068743,0.003923221109835661,0.14034960259223203,0.8072826608157394,0.04622135685328606,0.0,0.0,1
0.0019971634490144434,0.0038930215056875743,0.13833974934151494,0.8086630582650728,0.04710700743871024,0.0,0.0,1
0.003459856973276586,0.004994354208286285,0.15780711659283708,0.7885144329598425,0.04522423926575755,0.0,0.0,1
0.005801894318494988,0.006947768446397749,0.1628011545769694,0.7779324949596043,0.04651668769853357,0.0,0.0,1
0.006764603414237603,0.007737196608988503,0.16757635582394612,0.7769277668098943,0.040994077342933456,0.0,0.0,1
0.008280671170189585,0.008251616183627516,0.1819859083315174,0.7636957942906951,0.03778601002397036,0.0,0.0,1
0.007554228047790279,0.008279201948729846,0.18017051386150099,0.7656449367822759,0.03835111935970305,0.0,0.0,1
0.007313964603307939,0.007038785737044868,0.17440546881788951,0.774092633896243,0.037149146945514584,0.0,0.0,1
0.008120750769945959,0.009006914986344355,0.17129118484513917,0.7754372711953048,0.036143878203265735,0.0,0.0,1
0.008650393265777882,0.00914470145239376,0.17654071500225346,0.7697977697977698,0.0358664204818051,0.0,0.0,1
0.009224984697892681,0.009079250342475736,0.18477658923314583,0.762933924043254,0.033985251683231806,0.0,0.0,1
0.008708166292200831,0.009354303420121297,0.21776289704392263,0.7338208731662188,0.030353760077536457,0.0,0.0,1
0.008814149884840253,0.009965747357231441,0.2071989606094608,0.7432232917970826,0.03079785035138487,0.0,0.0,1
0.009596872130564853,0.009108142531323124,0.2086727288883623,0.7420396315275022,0.030582624922247562,0.0,0.0,1
0.00994817418240305,0.009397152558527432,0.22730386608685293,0.727661285518556,0.02568952165366057,0.0,0.0,1
0.008838969235601155,0.010528992118211867,0.22076484752404169,0.7342027728340038,0.025664418288141422,0.0,0.0,1
0.008699060742661581,0.009558413363687075,0.22495439400563855,0.728489800841261,0.028298331046751796,0.0,0.0,1
0.009191903819814336,0.010363719373002588,0.23920255668847967,0.7171663369350175,0.02407548318368589,0.0,0.0,1
0.009587757171611635,0.011846411505308605,0.23251847640704945,0.7176067483060092,0.02844060661002105,0.0,0.0,1
0.011798632536938558,0.011969177816710336,0.22874773252298486,0.7213600210855983,0.026124436037768026,0.0,0.0,1
0.01316885361829182,0.013436002200047144,0.2603912940991593,0.6908933762866347,0.022110473795867055,0.0,0.0,1
0.014188341092168608,0.013298590698930711,0.27610861310157453,0.6740653648771032,0.022339090230222913,0.0,0.0,1
0.011260182079540009,0.011931001437470053,0.282957993930682,0.6716179524037693,0.022232870148538572,0.0,0.0,1
0.007907552355389832,0.010173741140166188,0.2806538195727993,0.6791976727366239,0.022067214195020814,0.0,0.0,1
0.0028251779862131315,0.007829778990362107,0.2652761409683096,0.7014351904169963,0.022633711638118916,0.0,0.0,1
0.0010586836490382265,0.00547258009348991,0.2686776226851475,0.7046435493590892,0.020147564213235176,0.0,0.0,1
0.000674220124648501,0.0048346516255282765,0.2537040995872457,0.718241765470063,0.02254526319251451,0.0,0.0,1
0.0007675493484173466,0.004238207271695784,0.2536250020857319,0.7191770536116534,0.022192187682501543,0.0,0.0,1
0.0009630330472393053,0.0035649118064472528,0.23917010204771239,0.7350814354260999,0.02122051767250118,0.0,0.0,1
0.0007214015802129852,0.0032291308828581245,0.2374613534867743,0.7378048780487805,0.0207832360013741,0.0,0.0,1
0.0043846166291843965,0.005808403578882651,0.1586875273027327,0.7563220994385749,0.07479735305062533,0.0,0.0,1
0.002197414429153434,0.006046899560517114,0.16094055753376318,0.7609469733423154,0.06986815513425079,0.0,0.0,1
0.001464361888390157,0.004011078216025213,0.16009295514595867,0.7681055613917804,0.06632604335784548,0.0,0.0,1
0.0014441922838869404,0.0048245544428750535,0.17109711002840775,0.7566615352874895,0.06597260795734078,0.0,0.0,1
0.0015502649687574152,0.004793166178913233,0.1802103931029028,0.747259353001661,0.06618682274776556,0.0,0.0,1
0.0016589250165892503,0.0062723164912945936,0.19044459190444593,0.7374474673744746,0.06417669921319556,0.0,0.0,1
0.0021730230214467923,0.005936446949894498,0.1871949107170976,0.7456933203161906,0.05900229899537052,0.0,0.0,1
0.0026993518416798755,0.005477173213641143,0.18636513441830538,0.7469828465606805,0.05847549396569312,0.0,0.0,1
0.0027209182317158988,0.005879685374282632,0.18062831318707095,0.7517240300864751,0.05904705312045536,0.0,0.0,1
0.0027967247246003016,0.0050496418638616555,0.17336585820605646,0.7604139152592408,0.05837385994624074,0.0,0.0,1
0.0032322919888648316,0.005258274048871018,0.16408908134859262,0.7724404577791525,0.054979894834519025,0.0,0.0,1
0.002964793082149475,0.004941321803582459,0.16497838171710932,0.7716491661519457,0.0554663372452131,0.0,0.0,1
0.003142220295956907,0.005665283883350876,0.17412234536561202,0.7617639774626959,0.05530617299238437,0.0,0.0,1
0.004211504219245955,0.0062708059146860725,0.17959278470233025,0.7547418131145003,0.05518309204923744,0.0,0.0,1
0.005182960046070756,0.006646017836853492,0.18274214384659684,0.7516848511260875,0.05374402714439135,0.0,0.0,1
0.004654722669124194,0.006216710141984661,0.18984395745146124,0.7511285359491416,0.04815607378828822,0.0,0.0,1
0.0035989234524629156,0.006258997308631158,0.2006634537147149,0.7401107842523628,0.04936784127182825,0.0,0.0,1
0.001712409470095675,0.0054828523400311064,0.2119303096476207,0.7344665608847972,0.04640786765745526,0.0,0.0,1
0.0021669329199816524,0.006216092244910871,0.21621878113977508,0.7317115606662132,0.04368663302911915,0.0,0.0,1
0.0020422164430333296,0.006078784881216395,0.22403752572714072,0.7257845780748919,0.04205689487371763,0.0,0.0,1
0.0018496477627304017,0.005741950011258726,0.23440666516550326,0.7147199794126162,0.043281757647891404,0.0,0.0,1
0.0017018104021134864,0.0061913483200700175,0.2328724938815864,0.7149548615050487,0.04427948589118138,0.0,0.0,1
0.0011780682952370043,0.005104962612693686,0.2409804146145917,0.707135494216012,0.045601060261465716,0.0,0.0,1
0.0014031264959804553,0.00490268905066112,0.2449528714571056,0.7025536902226844,0.0461876227735684,0.0,0.0,1
0.001199140615891944,0.005346168579184917,0.2464400512965708,0.7023133421048249,0.04470129740352747,0.0,0.0,1
0.0014804347094646883,0.0052488139699202584,0.24115944954745802,0.7066720500656102,0.045439251707546854,0.0,0.0,1
0.0015943012211668928,0.004901628222523745,0.23173337856173676,0.7132293080054274,0.04854138398914518,0.0,0.0,1
0.001269601619599904,0.004031842981161857,0.24036646879181964,0.7059842843907628,0.0483478022166558,0.0,0.0,1
0.000624663809408131,0.003557113359129635,0.22959865350245529,0.7154135794971457,0.050805989831861326,0.0,0.0,1
0.00033351471853113095,0.0028612052168723342,0.21932981094981482,0.7235689585564079,0.05390651055837385,0.0,0.0,1
0.00021359534362150906,0.0029013367508588313,0.21179758281269467,0.7330058204731137,0.05208166461971129,0.0,0.0,1
0.0004164252607184241,0.003150347624565469,0.20066265932792585,0.7470488122827347,0.04872175550405562,0.0,0.0,1
0.00018346267451886913,0.0021098207569669953,0.20195571211037114,0.7481974792228521,0.04755352523529088,0.0,0.0,1
0.00033675072962658086,0.002207588116440919,0.19567088228691162,0.7493826236623513,0.05240215520466961,0.0,0.0,1
0.0003440761555224223,0.0030393393737813967,0.20331077722980465,0.7458997591466912,0.047406048094200404,0.0,0.0,1
0.0007225292429065204,0.002909644789001933,0.21275557030990647,0.7371946337557851,0.046417621902399966,0.0,0.0,1
0.0005185170412619907,0.0036894481782103186,0.2175178988094051,0.7324452067088127,0.045828929262309796,0.0,0.0,1
0.0007763182087478804,0.0035751496455494495,0.2162454799893767,0.7357045087744387,0.04369854338188727,0.0,0.0,1
0.0008776512381151395,0.0040748093198202905,0.2150663462543099,0.7323581652909832,0.047623027896771496,0.0,0.0,1
0.0005786913003407849,0.0037293439355295024,0.21053646826842703,0.739095955590801,0.04605954090490173,0.0,0.0,1
0.0006846894601996642,0.0037547486527078366,0.1879141266896369,0.7604249492004594,0.0472214859969962,0.0,0.0,1
0.0,0.0002999850007499625,0.10790085495725214,0.807278386080696,0.08452077396130193,0.0,0.0,1
0.0,0.0004384125652853494,0.12860737295566316,0.7932789447600168,0.07767526971903473,0.0,0.0,1
0.0,0.00042581194596059307,0.11674989354701351,0.8007006542019897,0.08212364030503619,0.0,0.0,1
0.0,5.89947298041375e-05,0.0951978289939432,0.8158971131912216,0.08884606308503107,0.0,0.0,1
0.0,4.000320025602048e-05,0.1041083286662933,0.8107848627890232,0.08506680534442755,0.0,0.0,1
0.0,0.00022415584944878038,0.10060522079351171,0.8173944939172254,0.08177612943981416,0.0,0.0,1
0.0,0.00012476087498960325,0.08662563420111453,0.8267695250769359,0.08648007984695999,0.0,0.0,1
0.0,0.00012743994392642468,0.07569932669229626,0.834752872708736,0.08942036065504132,0.0,0.0,1
0.0,0.00017386768669042858,0.08858558636877337,0.8320872815787186,0.07915326436581761,0.0,0.0,1
0.010003356831151394,0.012856663309835516,0.21997314535078885,0.730060422960725,0.02710641154749916,0.0,0.0,1
0.0,0.00018294914013904133,0.07706732528357117,0.8426408708379071,0.08010885473838272,0.0,0.0,1
0.0,9.393199323689649e-05,0.06847642306969753,0.846397708059365,0.08503193687770054,0.0,0.0,1
0.0,4.835823782581363e-05,0.0709657140093815,0.8419169205474153,0.08706900720537744,0.0,0.0,1
0.0,4.98641202722581e-05,0.05734373831309681,0.8516293101298961,0.0909770874367349,0.0,0.0,1
2.5759917568263783e-05,0.00012879958784131891,0.05790829469345698,0.848248325605358,0.09368882019577537,0.0,0.0,1
0.0,0.0005073431241655541,0.06568758344459279,0.8465153538050735,0.08728971962616823,0.0,0.0,1
0.018092454401463072,0.015659443836645384,0.23436913179079374,0.7131170294410607,0.018761940530037068,0.0,0.0,1
0.019469461273947927,0.016079908301948585,0.23600785983297856,0.7100704110037662,0.018372359587358767,0.0,0.0,1
0.0,0.00011141068205619554,0.0801042803984046,0.8394794892934334,0.08030481962610575,0.0,0.0,1
0.026947754353803848,0.019731689025914507,0.2790100824931256,0.6593283893008915,0.014982084826264478,0.0,0.0,1
0.028302996689019984,0.0215297736096405,0.2838535101430276,0.6510361518680986,0.015277567690213281,0.0,0.0,1
0.02947137307887181,0.021499746664414794,0.2762202330687384,0.6576254011146766,0.015183246073298429,0.0,0.0,1
0.027167168188232095,0.02233896057530474,0.2692405773448258,0.665034596487649,0.01621869740398837,0.0,0.0,1
0.025133425409654374,0.021637935444268248,0.26047368151823624,0.6771872389039507,0.015567718723890395,0.0,0.0,1
0.01892620656700116,0.018277698136391563,0.2602225407877671,0.6857123353129907,0.016861219195849545,0.0,0.0,1
0.015494880546075085,0.015733788395904436,0.2575767918088737,0.693259385665529,0.017935153583617747,0.0,0.0,1
0.010844160307967279,0.014195366742283633,0.26142847322471985,0.6963291400288719,0.017202859696157282,0.0,0.0,1
0.006852998837592602,0.010721907042106908,0.2796023525737782,0.684883499019761,0.017939242526761393,0.0,0.0,1
0.005325225399391905,0.011230425842281937,0.2709713703228528,0.6952494771437108,0.017223501291762595,0.0,0.0,1
0.0018034583966901234,0.008062519891085258,0.2612716149793133,0.7099968174263588,0.018865589306552567,0.0,0.0,1
0.0010930528428333363,0.006182020176680345,0.2486247244969269,0.7237801709462971,0.02032003153726235,0.0,0.0,1
0.0021699386607890374,0.0034513984998376817,0.10308062945307295,0.8120012985459703,0.0792967348403301,0.0,0.0,1
0.002015087320450553,0.0034101477730701666,0.0979297991801867,0.811942406393166,0.08470255933312666,0.0,0.0,1
0.0025192417950900847,0.003370571781017079,0.09729485553451361,0.8089719756067898,0.08784335528258944,0.0,0.0,1
0.018378336942565302,0.02109963396638623,0.2523332247369732,0.6717195914221652,0.036469212931910085,0.0,0.0,1
0.019788066390671884,0.020737589729955562,0.2536936457898135,0.6717877625432033,0.033992935546355726,0.0,0.0,1
0.002626371649577262,0.0052887209929843495,0.12104695089044792,0.7799964022306171,0.09104155423637345,0.0,0.0,1
0.001870924381959203,0.004141463680453381,0.10776887726372768,0.7935807312952973,0.09263800337856247,0.0,0.0,1
0.001099847854380144,0.002144703316041281,0.1060986563525379,0.7993327589683427,0.09132403350869796,0.0,0.0,1
0.00014818382203122973,0.0011669475984959342,0.10645155315168467,0.8027858558541872,0.08944745957360105,0.0,0.0,1
0.0023172905525846704,0.0058823529411764705,0.12980392156862744,0.7758288770053476,0.08616755793226381,0.0,0.0,1
0.01443790802783557,0.01913695387043547,0.2559724513953655,0.6789762536767343,0.031476433029629096,0.0,0.0,1
0.013834661532153108,0.01966447380150113,0.24488777165677203,0.6902889946693765,0.03132409834019718,0.0,0.0,1
0.014621083638311166,0.021369276086762475,0.2598232616263501,0.6756404534499687,0.028545925198607516,0.0,0.0,1
0.01680762614678899,0.022165280963302753,0.27356293004587157,0.6580418577981652,0.02942230504587156,0.0,0.0,1
0.021961405529953917,0.023131480414746542,0.28083597350230416,0.6472674251152074,0.02680371543778802,0.0,0.0,1
0.023084655704746177,0.023335966108996912,0.2654196883750987,0.6591333381201981,0.029026351690960007,0.0,0.0,1
0.026270145262701453,0.024192382741923826,0.28696610536966105,0.6355785213557852,0.026992845269928453,0.0,0.0,1
0.027653362830253686,0.02549549386186012,0.2919651114294522,0.6293361379585471,0.025549893919886848,0.0,0.0,1
0.028332483055170905,0.02357699876102325,0.2846002477953502,0.638382770935063,0.02510749945339261,0.0,0.0,1
0.028376803147311672,0.02256666180970421,0.26409733352761183,0.6590230220020399,0.025936179513332363,0.0,0.0,1
0.027852355122093768,0.022975909995799317,0.26561101674794074,0.6556718353332237,0.027888882800942413,0.0,0.0,1
0.02202779959451314,0.019543735958647647,0.26062576485415256,0.6719940090229959,0.02580869056969077,0.0,0.0,1
0.018537193567905536,0.019343955701424668,0.27237389757788005,0.6648820110379728,0.02486294211481692,0.0,0.0,1
0.01403961308152925,0.01737448180561953,0.2777337632427453,0.6667526485490557,0.024099493321050207,0.0,0.0,1
0.012178820733699688,0.017117184019010842,0.2790732214466063,0.6648967770681717,0.02673399673251151,0.0,0.0,1
0.008265699218311703,0.016681003852339456,0.2766578150129035,0.6730747653065041,0.02532071660994128,0.0,0.0,1
0.005656512506342435,0.01354932065472723,0.27784563922349803,0.678706331159679,0.024242196455753293,0.0,0.0,1
0.0046474571770017264,0.014056186808809303,0.27175294497031316,0.6848265265474135,0.02471688449646224,0.0,0.0,1
0.004891199691892932,0.013903331407664163,0.26890044290390913,0.6902368573079145,0.022068168688619296,0.0,0.0,1
0.005814867201005815,0.015637278013515638,0.2833176174760333,0.6736012887002986,0.021628948609146628,0.0,0.0,1
0.007995660646483316,0.01677481567792354,0.2902545352271129,0.6632380416658296,0.02173694678265062,0.0,0.0,1
0.008940078967287903,0.020007773981710684,0.2911560729117653,0.6594177696855629,0.020478304453673206,0.0,0.0,1
0.009755381194142576,0.021335962740737634,0.30636092812486887,0.6441069105861621,0.018440817354088868,0.0,0.0,1
0.01074413907213615,0.023422223177256805,0.2980639061392011,0.6483443281689838,0.01942540344242216,0.0,0.0,1
0.012100602822001899,0.02598979839689094,0.2949632344823018,0.647205599841014,0.01974076445779142,0.0,0.0,1
0.012526002639407698,0.023173104882904243,0.2705616570112063,0.6696266803856219,0.02411255508085982,0.0,0.0,1
0.012050139661580368,0.024446547704240634,0.2773148041275191,0.6649045453496156,0.021283963157044252,0.0,0.0,1
0.01314063580644392,0.024516467529989747,0.2883785266270778,0.651141160477928,0.022823209558560494,0.0,0.0,1
0.011762111298978167,0.025215026097184446,0.27890906417701977,0.6585557107500797,0.025558087676737975,0.0,0.0,1
0.013411949287648354,0.026140648328567453,0.27188298706885644,0.6650049345851152,0.023559480729812485,0.0,0.0,1
0.012641892069846453,0.027943848929389767,0.2772788327319656,0.6563775711764861,0.02575785509231215,0.0,0.0,1
0.00036896479021716216,0.0015812776723592662,0.05053060650783611,0.8214737507906389,0.1260454002389486,0.0,0.0,1
0.00024308087648018892,0.0009723235059207557,0.05057818522762788,0.8092856894815432,0.13892072090842797,0.0,0.0,1
0.00029179539993134224,0.0006179196704428424,0.04951939581187779,0.8231719876416066,0.12639890147614144,0.0,0.0,1
0.00011906584341140651,0.0008164514976782161,0.04980354135837118,0.8375771801806399,0.1116837611198993,0.0,0.0,1
0.0002535154137371552,0.0005070308274743104,0.04990873445105463,0.8466062736614386,0.10272444564629529,0.0,0.0,1
0.0004362269722492534,0.00127512499580551,0.05531693567329955,0.8422871715714237,0.1006845407872219,0.0,0.0,1
0.00038355707496039355,0.0013341115650796298,0.06220295172183774,0.836187776202785,0.09989160343533728,0.0,0.0,1
0.0006138735420503376,0.0018582118029631842,0.06299669835581438,0.835913261327626,0.09861795497154613,0.0,0.0,1
0.0012226352746798844,0.0021313506815365552,0.0626848409748038,0.8365964477488641,0.09736472532011566,0.0,0.0,1
0.001089001089001089,0.0022605022605022606,0.06553806553806554,0.8336303336303337,0.09748209748209748,0.0,0.0,1
0.0009414485093731935,0.0034519778677017093,0.06200346849450822,0.8344702287554712,0.09913287637294574,0.0,0.0,1
0.0013047284017902855,0.003038861087714083,0.061140563840856164,0.8357033146707625,0.09881253199887695,0.0,0.0,1
0.0013085319596508372,0.003511503486657943,0.07198582147648784,0.8320109982939393,0.09118314478326404,0.0,0.0,1
0.0015748814694472996,0.0034813169324624514,0.07363814197142005,0.8294983588077318,0.09180730081893837,0.0,0.0,1
0.0022279120806038637,0.003075848767997872,0.07643068533235793,0.831293851627706,0.08697170219133442,0.0,0.0,1
0.0016036884835120778,0.0031739667902843205,0.0934816745180582,0.8208713374093749,0.08086933279877051,0.0,0.0,1
0.0023122936948107436,0.003267371525276051,0.09212312126137297,0.8203280776126406,0.0819691359058997,0.0,0.0,1
0.0022065759331626467,0.003015092305619189,0.09382158738714459,0.8180501280150924,0.08290661635898126,0.0,0.0,1
0.002238654094023472,0.0032562241367614137,0.09995929719829048,0.8171765823214164,0.07736924224950817,0.0,0.0,1
0.003164167560251024,0.004552885545027862,0.13431891293265596,0.7752034735528328,0.08276056040923234,0.0,0.0,1
0.009520147646877884,0.01290372193171332,0.1775607505382959,0.7657336204244848,0.03428175945862812,0.0,0.0,2
0.008164959867146417,0.01256265953193714,0.16614386321001323,0.7761478611187994,0.03698065627210382,0.0,0.0,2
0.008591171299009779,0.011660548477650615,0.16622451183021253,0.7745010334083968,0.03902273498473023,0.0,0.0,2
0.007241118436288965,0.010452531303555713,0.16486282017631892,0.7755870864147972,0.0418564436690392,0.0,0.0,2
0.007148714933386974,0.009918455134850759,0.15696226035557895,0.7812214709022545,0.04474909867392885,0.0,0.0,2
0.009691945712638483,0.011795503061844586,0.19179768452872525,0.7470121694688128,0.039702697227978874,0.0,0.0,2
0.008344793099137392,0.01145455681960245,0.18989873734216778,0.7476872109013627,0.04261470183772972,0.0,0.0,2
0.009338582677165355,0.011307086614173229,0.2002992125984252,0.7387086614173228,0.04034645669291339,0.0,0.0,2
0.010890932149651237,0.013332276474318326,0.19573557387444515,0.7375079264426125,0.04253329105897273,0.0,0.0,2
0.01161321282892106,0.014092617771734784,0.19276973526353675,0.7355354714868432,0.04598896264896425,0.0,0.0,2
0.011482405990820517,0.013334406957081891,0.1945567275948144,0.7306385377244544,0.04998792173282873,0.0,0.0,2
0.01198694105608524,0.014001007032988452,0.1860899507853233,0.7331525005278802,0.0547696005977228,0.0,0.0,2
0.011867101575177433,0.014456883410644331,0.19129964431477323,0.73026930452884,0.052107066170565,0.0,0.0,2
0.012186261558784677,0.013226552179656539,0.21070013210039631,0.7157694848084544,0.048117569352708056,0.0,0.0,2
0.010849879538090886,0.010816648666611282,0.2109163412810501,0.7222065298662458,0.045210600648001996,0.0,0.0,2
0.008994771263807395,0.010827350829704601,0.23453655912170682,0.7070394593049648,0.038601859479816404,0.0,0.0,2
0.003870531564269416,0.00865376489478577,0.22273303473337278,0.7241781458632638,0.04056452294430829,0.0,0.0,2
0.0021113211081030463,0.0062147758424000955,0.24939129250310738,0.7080076961059747,0.03427491444041477,0.0,0.0,2
0.0009102462817298114,0.005169511901899495,0.23843300243877305,0.724315597842888,0.03117164153470958,0.0,0.0,2
0.0008516555140349353,0.0037542365516642045,0.22706178847657948,0.7407491092378552,0.027583210219866167,0.0,0.0,2
0.018038350585440354,0.019395893432886474,0.2156287120312235,0.7083828270829798,0.03855421686746988,0.0,0.0,2
0.01877346683354193,0.020926157697121403,0.2322569879015436,0.6943846474760117,0.033658740091781394,0.0,0.0,2
0.0367131691173503,0.021201888797707614,0.4973295844375984,0.4312351176462675,0.013520240001076237,0.0,0.0,2
0.01696189973277007,0.019506184692685582,0.23420223064983278,0.6917094714608036,0.03762021346390796,0.0,0.0,2
0.016231608922638825,0.02013921847808891,0.2293782629330802,0.693656067077994,0.04059484258819807,0.0,0.0,2
0.01984694438769898,0.02086836274494398,0.23794333485236577,0.6782532174678253,0.043088140547165955,0.0,0.0,2
0.02504028563303738,0.025071882207968656,0.2476697525988183,0.661142532149515,0.04107554741066068,0.0,0.0,2
0.024650054444742532,0.026638471128505373,0.2458535199709628,0.6588602900563385,0.04399766439945082,0.0,0.0,2
0.028729386192883805,0.028351367953503757,0.24237269448250878,0.6553733717651876,0.045173179605915985,0.0,0.0,2
0.03281847184055087,0.02898070059066932,0.24984996367541615,0.6423765753814081,0.04597428851195553,0.0,0.0,2
0.03572961202854554,0.031946850612711984,0.25155363415293164,0.6340893558179824,0.04668054738782841,0.0,0.0,2
0.043337583678673894,0.034284348103283395,0.2587185208798215,0.6187440229518648,0.04491552438635639,0.0,0.0,2
0.0493181453553666,0.033386812128990855,0.26882721001123056,0.6048291352478742,0.04363869725653778,0.0,0.0,2
0.04897827835880933,0.036106194690265485,0.2708608205953339,0.5969267900241352,0.04712791633145615,0.0,0.0,2
0.051025674106566894,0.03465681847503548,0.2853180234808412,0.5834247193910463,0.045574764546510126,0.0,0.0,2
0.05212177865166728,0.03447386658500814,0.2714716263477686,0.5953229003819686,0.046609828033587444,0.0,0.0,2
0.052941176470588235,0.031868131868131866,0.26308985132514545,0.6040723981900452,0.04802844214608921,0.0,0.0,2
0.05406370750397766,0.03256810728317693,0.2587752053771471,0.6044257557554307,0.05016722408026756,0.0,0.0,2
0.05816831683168317,0.031885096404377276,0.26231109953100573,0.5960624022928609,0.051573084940072955,0.0,0.0,2
0.06100616490291102,0.03369267794151584,0.2644974120594732,0.5886822932120133,0.052121451884086636,0.0,0.0,2
0.06670338106204733,0.03482861052701846,0.27120256333233206,0.5802543306298188,0.04701111444878342,0.0,0.0,2
0.07126249512075081,0.036064015749367816,0.28314919471174244,0.5630059569268367,0.04651833749130221,0.0,0.0,2
0.07718334048948046,0.039209961356805496,0.279776728209532,0.5576470588235294,0.04618291112065264,0.0,0.0,2
0.07864776749132625,0.04043098488414666,0.278013145736353,0.5586240563488327,0.044284045539341316,0.0,0.0,2
0.07937871430324492,0.03679680241221535,0.27582700769594864,0.5660992584541487,0.04189821713444244,0.0,0.0,2
0.08152260111022998,0.03559785003083972,0.28164595999647546,0.5638734690281082,0.03736011983434664,0.0,0.0,2
0.07810407926448273,0.035972507364098905,0.2765687762206552,0.5753101847719361,0.0340444523788271,0.0,0.0,2
0.07554021825540218,0.0346173303461733,0.2863156753631568,0.5747633157476332,0.0287634602876346,0.0,0.0,2
0.06871998977598452,0.03394007996640681,0.2921877567414602,0.5813083088382962,0.023843864677852225,0.0,0.0,2
0.06380664429777663,0.03139633494340179,0.2904022713026806,0.591866081634158,0.022528667821982967,0.0,0.0,2
0.055922583046431565,0.030799292825904902,0.29522657485809994,0.5950683911789336,0.022983158090629945,0.0,0.0,2
0.0002139495079161318,0.003915275994865212,0.19978605049208387,0.6931108258451005,0.10297389816003423,0.0,0.0,2
0.00022824891581764987,0.0043782292034112835,0.19587906957441953,0.6967194405826572,0.10279501172369432,0.0,0.0,2
0.0001805017949900724,0.0035498686348047572,0.19977537554401237,0.695653917891739,0.10084033613445378,0.0,0.0,2
0.00013604913317266578,0.0028570317966259817,0.1971740651480992,0.6990010106507035,0.10083184327139859,0.0,0.0,2
0.0002639268545574512,0.0026769723819398622,0.20235648977283438,0.6957300405316241,0.0989725704590442,0.0,0.0,2
0.0,0.004013414701193029,0.2124360877453406,0.6873201751974637,0.0962303223560027,0.0,0.0,2
0.00014329983699643543,0.00392283303777742,0.22306410876457627,0.6789008902502374,0.09396886811041252,0.0,0.0,2
0.0002444859682517507,0.00468015996367637,0.23479384593891345,0.6707647171821246,0.08951679094703387,0.0,0.0,2
1.70590242238144e-05,0.003292391675196179,0.2463152507676561,0.6662743091095189,0.08410098942340498,0.0,0.0,2
3.33044694598015e-05,0.004113101978285486,0.26163991207620063,0.6550822620395657,0.07913141943648838,0.0,0.0,2
0.00016345745202523784,0.005099872503187421,0.27604694498022164,0.6449050312203733,0.07378469384419235,0.0,0.0,2
6.415088287652559e-05,0.006783955864192581,0.29119689509726876,0.6325918560454188,0.06936314211024329,0.0,0.0,2
0.0,0.006203356740246245,0.3066568000755739,0.6214377932424348,0.06570204994174512,0.0,0.0,2
0.008384572386808273,0.0066394906542693154,0.34072720827823144,0.6137370652633302,0.030511663417360838,0.0,0.0,2
0.010609828620857437,0.0067308212142509595,0.37639887549332324,0.5788235930150836,0.027436881656484835,0.0,0.0,2
0.015812682610107133,0.011132453197705876,0.40574613137106375,0.5444486527432096,0.022860080077913646,0.0,0.0,2
0.005043122350533548,0.0073636895190761584,0.16534497880426838,0.7005737465282853,0.12167446279783657,0.0,0.0,2
0.00427962643938707,0.005512739142261311,0.16899084232478012,0.7037446731344636,0.11747211895910781,0.0,0.0,2
0.0033084599478557944,0.004980670682369864,0.15553357907039467,0.7167850400071923,0.11939225029218736,0.0,0.0,2
0.00353161508962811,0.00585035226968697,0.15637206813520022,0.709497904218318,0.12474806028716669,0.0,0.0,2
0.004777323637135729,0.005343524957092556,0.14940637330360776,0.7132013376506184,0.12727144045154556,0.0,0.0,2
0.005001491672955092,0.005475317199866627,0.15100995033606515,0.7157397820402576,0.12277345875085552,0.0,0.0,2
0.005821756636628261,0.00655383381847972,0.14468982587021317,0.7211831761691447,0.12175140750553415,0.0,0.0,2
0.007090596270485393,0.007629342555742861,0.1599033732469022,0.7162718757060184,0.10910481222085122,0.0,0.0,2
0.007163694740294488,0.007975004747026636,0.13169114981616062,0.7362897239819786,0.11688042671453971,0.0,0.0,2
0.008513651199336867,0.01010240558136322,0.14847945844198457,0.7201029236534443,0.11280156112387103,0.0,0.0,2
0.012146376761655354,0.01106095585954998,0.15630060990317357,0.7158953860997209,0.10459667137590022,0.0,0.0,2
0.013032951560004807,0.011521884712468018,0.15048852104332297,0.7229081168329412,0.10204852585126294,0.0,0.0,2
0.014753705542053195,0.01086844897819464,0.15761818368534555,0.7171122445486598,0.09964741724574676,0.0,0.0,2
0.012646777717094484,0.011213134898962316,0.1523757509557619,0.7188694702348444,0.10489486619333697,0.0,0.0,2
0.01359895025647143,0.010616724323034713,0.15720590991973551,0.7214941803991071,0.0970842351016513,0.0,0.0,2
0.013355820173421237,0.010425716768027803,0.16250149060493008,0.7175346246230899,0.09618234783053099,0.0,0.0,2
0.012481619532879663,0.010464042676879937,0.16284238963170675,0.7196081113428855,0.09460383681564818,0.0,0.0,2
0.012345890999004086,0.009272296438751331,0.17033551976372815,0.7246986503657405,0.08334764243277586,0.0,0.0,2
0.012853114674693376,0.009064646150120228,0.17568806545920043,0.720397183732074,0.08199698998391199,0.0,0.0,2
0.012075657692070729,0.032961616659478776,0.6163514262830386,0.32567309469533606,0.012938204670075781,0.0,0.0,2
0.017357565856646925,0.03594037165611599,0.6371860322646519,0.2965284868286706,0.012987543393914641,0.0,0.0,2
0.01987063809079665,0.04296518583101847,0.6499117986982704,0.2741945294916766,0.013057847888237798,0.0,0.0,2
0.01913741223671013,0.047843530591775325,0.6370310932798395,0.28222668004012036,0.013761283851554664,0.0,0.0,2
0.02161405997556843,0.04708988454111991,0.6252512117271545,0.2906371911573472,0.015407652598809945,0.0,0.0,2
0.03174448515083015,0.04770441967417569,0.6117195416634188,0.29218957050432615,0.0166419830072492,0.0,0.0,2
0.03928987194412107,0.052658129608071404,0.6032013969732247,0.28791230112533955,0.016938300349243308,0.0,0.0,2
0.04668129668129668,0.052725802725802726,0.5992723492723493,0.2826480326480326,0.018672518672518672,0.0,0.0,2
0.058100771502047815,0.05204305171921135,0.5791408705591009,0.28897990284789027,0.02173540337174969,0.0,0.0,2
0.06328561121026849,0.05610830516841985,0.5736528310484943,0.28272509778604793,0.024228154786769453,0.0,0.0,2
0.07135167802980226,0.05516629209239079,0.5727398062286351,0.2748304972709589,0.025911726378213,0.0,0.0,2
0.07924611891532682,0.051778561275912356,0.5642847913167076,0.27377106676757795,0.03091946172447529,0.0,0.0,2
0.07551193768186665,0.04838330712646171,0.55350720237127,0.2880225559832999,0.034574996837101704,0.0,0.0,2
0.07688613808558319,0.041439903247607865,0.5407284885995802,0.3023867961441326,0.03855867392309607,0.0,0.0,2
0.07837178898272146,0.04176530864633759,0.5208473198826896,0.3168262605561641,0.04218932193208721,0.0,0.0,2
0.08060925805829668,0.04033092037228542,0.5109985452123464,0.3219813156188106,0.046079960738260914,0.0,0.0,2
0.08076588337684944,0.04278503046127067,0.5068059181897302,0.3225413402959095,0.04710182767624021,0.0,0.0,2
0.08287694974003466,0.040398613518197575,0.512842287694974,0.31429809358752164,0.049584055459272094,0.0,0.0,2
0.07822263765557114,0.04330892662408475,0.5156566443371242,0.3121981617074311,0.05061362967578889,0.0,0.0,2
0.07650732644727361,0.04570879516831955,0.5128341511959096,0.3145053361243609,0.05044439106413644,0.0,0.0,2
0.0755089871368941,0.04145157168412982,0.514524235454468,0.3162279580884232,0.052287247636084846,0.0,0.0,2
0.0743874225306922,0.03904284242700576,0.5112889879595387,0.322643835385109,0.05263691169765439,0.0,0.0,2
0.0732568105809791,0.03986353629228778,0.5027477606171118,0.3301682268120935,0.053963665697527856,0.0,0.0,2
0.06701409768156612,0.04209260372820205,0.5026224360259237,0.33458608939667267,0.053684773167635466,0.0,0.0,2
0.06744779930899805,0.03847245172166308,0.509371922621134,0.33016206833241535,0.054545758015789564,0.0,0.0,2
0.06871408890830281,0.041144450791304056,0.522596686939283,0.3155303921239206,0.052014381237189614,0.0,0.0,2
0.06801160515484785,0.04451454017947507,0.529974360704406,0.3055461844679846,0.051953309493286554,0.0,0.0,2
0.06814473396470806,0.042222483893215805,0.5220616683768735,0.3148182414587784,0.05275287230642421,0.0,0.0,2
0.07067013335569906,0.041013167826889206,0.503396796108362,0.3325505325840812,0.05236937012496855,0.0,0.0,2
0.022712127187912254,0.014660882100939765,0.46396659821295,0.48047709067170774,0.01818330182649023,0.0,0.0,2
0.028568293719912773,0.02049017322013907,0.5163825380933441,0.4196919616529288,0.014867033313675202,0.0,0.0,2
0.032856611928588145,0.024336191826453222,0.5420033310850804,0.3879612933419593,0.012842571817919035,0.0,0.0,2
0.0711894931783815,0.044939429464634625,0.5018774317413391,0.34616103437144263,0.03583261124420205,0.0,0.0,2
0.065778915919761,0.044985061886470334,0.5158344003414426,0.33973538198890313,0.03366623986342296,0.0,0.0,2
0.06226925498068973,0.042346496078398015,0.5187403235959644,0.345322149820508,0.031321775524439835,0.0,0.0,2
0.05604378792772272,0.03916435771473253,0.5235853065664893,0.35236023049856363,0.028846317292491798,0.0,0.0,2
0.05303716360529688,0.038496369073045704,0.5113370354549338,0.371824006834686,0.02530542503203759,0.0,0.0,2
0.052747892825327214,0.03751798807647502,0.5154526142671144,0.37130816144726925,0.022973343383814158,0.0,0.0,2
7.721530716249189e-05,0.00637798437162183,0.32112301942737126,0.6124409302900207,0.0599808506038237,0.0,0.0,2
0.00028804463175767866,0.0069130711621842875,0.32882568751705527,0.6090627937297232,0.05491040295927958,0.0,0.0,2
0.0003115449663234727,0.006868824733703231,0.3111592439842151,0.6293505029225885,0.05230988339316975,0.0,0.0,2
0.0005399725635562301,0.005574851872391349,0.2844487901695806,0.6592043431306733,0.05023204226379849,0.0,0.0,2
0.001991575207037854,0.006519185030231825,0.27419262400779437,0.6713614350803794,0.045935180674556556,0.0,0.0,2
0.004324232660674919,0.005186252896953253,0.2790260584477983,0.6697897235882653,0.04167373240630829,0.0,0.0,2
0.006737529293605624,0.0059563664769556966,0.2907460104899007,0.6572508648588328,0.03930922888070528,0.0,0.0,2
0.007753752926594133,0.006004682550612863,0.3113069825092962,0.6405866960473764,0.034347885966120366,0.0,0.0,2
0.0,0.0,0.10492757211836078,0.7810449424291197,0.1140274854525195,0.0,0.0,2
0.0,0.0007331593301856359,0.10809701164257016,0.7767676471450776,0.11440218188216664,0.0,0.0,2
2.787068004459309e-05,0.001282051282051282,0.12277034559643256,0.762736900780379,0.11318283166109253,0.0,0.0,2
0.0,0.0009046402724563644,0.1332481907194551,0.7529799914857386,0.11286717752234994,0.0,0.0,2
5.105036118130536e-05,0.0015059856548485082,0.13860173060724404,0.7477346402225796,0.11210659315414656,0.0,0.0,2
0.0,0.002331345554492135,0.15114481336965324,0.7367051952195146,0.10981864585634003,0.0,0.0,2
2.365911940757565e-05,0.0029810490453545317,0.16367378806160834,0.7256488513497528,0.10767265242387679,0.0,0.0,2
9.146202039603055e-05,0.0029267846526729777,0.1748525174921114,0.7161018886907212,0.10602734714409841,0.0,0.0,2
2.2088708252341404e-05,0.00393179006891677,0.18883636684926666,0.7025976320904753,0.10461212228308889,0.0,0.0,2
0.03593329600240375,0.022316611808410384,0.5311189718515685,0.39780658025922233,0.012824540078394953,0.0,0.0,2
